0 404 446 697 588 891 530 730 -1 -1 623 327 137 449 671 986 240 314 292 581
436 0 285 -1 -1 766 774 666 719 704 -1 732 459 -1 -1 805 189 301 501 388
413 332 0 710 965 1061 -1 841 -1 783 821 778 517 179 837 1156 286 130 546 245
638 -1 655 0 -1 653 974 391 695 867 792 885 622 623 735 451 584 602 619 691
588 -1 965 -1 0 826 -1 1056 525 350 551 297 512 -1 -1 -1 687 746 589 1158
821 910 1153 653 826 0 625 377 352 588 -1 801 -1 1052 280 566 920 926 629 1249
626 774 -1 974 -1 573 0 830 287 219 282 273 510 -1 412 1118 685 867 471 1192
866 666 920 425 1148 347 759 0 571 715 552 847 805 801 553 236 736 894 603 1042
-1 719 -1 759 525 412 334 524 0 334 -1 378 445 831 136 -1 610 818 309 1010
-1 763 783 867 300 588 191 782 310 0 274 160 383 774 389 901 547 -1 327 862
623 -1 821 859 597 -1 260 653 -1 319 0 402 495 850 142 867 628 906 324 942
355 618 657 961 256 738 273 919 378 170 402 0 303 860 489 -1 505 644 293 886
122 425 439 737 554 -1 468 742 485 383 535 327 0 497 -1 1017 319 440 200 585
489 -1 157 623 -1 1144 -1 876 909 918 1010 860 587 0 -1 1002 300 210 580 151
567 -1 915 672 -1 326 382 553 136 358 142 529 -1 -1 0 704 758 784 -1 1035
986 873 971 491 -1 480 1029 236 -1 901 799 -1 936 1002 763 0 899 1048 804 980
259 217 266 495 815 848 812 798 666 547 743 550 274 278 640 977 0 201 354 368
340 301 123 712 816 1014 941 894 888 -1 834 698 375 210 857 1139 216 0 532 278
270 501 546 567 544 629 436 553 309 280 352 317 200 580 -1 873 415 532 0 672
581 332 212 584 973 1149 1192 1042 1097 943 1032 810 585 160 946 1167 400 323 672 0